3852
4705
15567
18310
30677
42871
46827
74771
85546
90956
145
778
13440
22787
28930
46969
49786
58921
91135
96446
2
7253
28814
35357
72069
73885
88723
92245
97869
99527
205
6379
6604
11581
26264
28001
30975
32314
93734
99373
136
10273
27727
27871
30732
39377
40552
57772
85034
88447
917
21511
25948
27955
41797
53294
61277
62872
65267
91676
7519
8504
14539
19457
21671
36500
64633
73879
84194
99577
1966
12124
19694
21882
49774
63376
65273
72296
91778
94116
464
727
6619
11339
12352
13309
14279
50993
54032
62491
7943
19521
27102
32283
35495
37977
43353
48275
74782
78230
16649
24440
24943
38743
58340
77711
84537
85528
97678
