4075
30962
41296
57501
61040
67748
81326
82641
83893
97205
6215
11183
17955
19259
28469
28623
38351
62183
72169
95742
1592
9112
13696
37518
41806
44576
51941
58104
64190
91698
13764
37268
37579
53309
58141
59484
64623
65939
75935
99438
149
24891
29647
34352
45641
52354
56902
87036
87689
97971
668
5985
31816
39830
45262
46762
55660
83020
83410
97672
5930
8703
13955
29068
33097
52394
56988
77198
86141
86479
14307
40160
41373
52145
59896
61024
77868
86858
91346
98078
7240
7292
12821
18195
22061
22942
44445
58928
69894
75904
6297
10780
20512
23848
30422
63625
71455
76809
82648
95701
