46827
90956
3852
74771
30677
18310
42871
4705
85546
15567
61040
4075
97205
83893
41296
82641
57501
81326
30962
67748
49786
46969
96446
13440
22787
91135
28930
778
58921
145
11183
17955
62183
28469
95742
38351
6215
28623
72169
19259
73885
2
7253
28814
97869
35357
72069
99527
88723
92245
44576
58104
41806
91698
37518
1592
13696
51941
9112
64190
28001
6604
6379
93734
11581
30975
32314
26264
99373
205
99438
59484
37579
64623
13764
53309
37268
65939
58141
75935
10273
30732
39377
136
27727
57772
27871
85034
40552
88447
87689
24891
34352
45641
97971
56902
29647
149
52354
87036
53294
21511
41797
91676
27955
65267
917
62872
25948
61277
83410
668
39830
97672
5985
55660
31816
45262
83020
46762
99577
14539
8504
73879
36500
19457
84194
7519
64633
21671
8703
86141
33097
77198
86479
5930
29068
52394
56988
13955
19694
49774
12124
72296
65273
21882
91778
63376
1966
94116
59896
52145
86858
98078
14307
91346
40160
41373
61024
77868
464
50993
6619
54032
13309
62491
14279
727
12352
11339
22061
44445
75904
7292
12821
7240
22942
18195
69894
58928
35495
7943
19521
43353
27102
48275
74782
78230
37977
32283
63625
6297
20512
71455
76809
23848
30422
82648
95701
10780
84537
77711
97678
24943
85528
24440
38743
16649
58340
